Left Camera:
	Translation: -0.024923 -0.00875418 0.0208091
	Rotation: 0.999947 -0.00196879 0.0101486 -8.47847e-05 

	Translation: -0.0170149 -0.00563793 0.0150849
	Rotation: 0.999959 -0.00228198 0.00763982 -0.00432734 

	Translation: -0.0265228 -0.00294156 0.0167704
	Rotation: 0.999942 -0.000300429 0.0107511 -0.000431565 

	Translation: -0.0278775	0.000559017	0.0163013
	Rotation: 0.99993 0.00166329 0.0117482 -3.74455e-05 

	Translation: -0.025921 0.00223483 0.0159032
	Rotation: 0.99994 0.00276973 0.0106279 0.00036883 


Right Camera:
	Translation: 0.00149413 0.00372608 0.0363872
	Rotation: 0.999702 0.0106061 -0.0206382 -0.00772498 

	Translation: 0.000427224 -0.0095609 0.0367517
	Rotation: 0.999788 -0.00146071 -0.020492 -0.00158398 

	Translation: -7.32587e-05 -0.0118524 0.0366318
	Rotation: 0.999774 -0.000387512 -0.0203921 -0.00613413 

	Translation: 0.00370583 -0.0105394 0.0350608
	Rotation: 0.999739 0.000521885 -0.0217525 -0.00701538 

	Translation: 0.00616647 -0.0063076 0.0354113
	Rotation: 0.999717 0.00265352 -0.022447 -0.00750657 

Results:
	Left Kinect:
		Translation: -0.02433405	-0.00144641075	0.01601495
		Rotation: 0.9999473426	0.0004626548749	0.01019180181	-0.001106885209
	Right Kinect:
		Translation: 0.00234407906	-0.006906844	0.03604856
		Rotation: 0.9997556163	0.002386684331	-0.02114460568	-0.005993077635